500
0 500.0
189 91 189
Generation:  0
1 500.0
235 128 235
2 500.0
241 132 241
3 500.0
239 127 239
4 500.0
241 120 241
5 500.0
239 130 239
6 500.0
241 120 241
7 500.0
239 122 239
8 500.0
242 121 242
9 500.0
239 121 239
10 500.0
241 119 241
11 500.0
239 125 239
12 500.0
237 121 237
13 500.0
236 126 236
14 500.0
236 113 236
15 500.0
239 113 239
16 500.0
231 102 231
17 500.0
235 121 235
18 500.0
236 118 236
19 500.0
237 123 237
20 500.0
237 128 237
21 500.0
237 117 237
22 500.0
237 115 237
23 500.0
236 118 236
24 500.0
234 118 234
25 500.0
235 110 235
26 500.0
233 105 233
27 500.0
234 110 234
28 500.0
229 103 229
29 500.0
232 113 232
30 500.0
232 109 232
31 500.0
235 115 235
32 500.0
233 117 233
33 500.0
233 114 233
Running aborted. Saving intermediate results.
500
0 500.0
195 114 195
Generation:  0
1 500.0
237 103 237
2 500.0
239 109 239
3 500.0
243 118 243
4 500.0
243 121 243
5 500.0
244 130 244
6 500.0
246 131 246
7 500.0
243 123 243
8 500.0
242 115 242
9 500.0
241 115 241
10 500.0
241 123 241
11 500.0
239 120 239
12 500.0
237 117 237
13 500.0
237 117 237
14 500.0
235 124 235
15 500.0
239 128 239
16 500.0
235 111 235
17 500.0
234 125 234
18 500.0
237 107 237
19 500.0
235 120 235
20 500.0
237 116 237
21 500.0
237 104 237
22 500.0
235 123 235
23 500.0
237 119 237
24 500.0
233 120 233
25 500.0
233 118 233
26 500.0
233 140 233
27 500.0
235 122 235
28 500.0
235 111 235
29 500.0
235 114 235
30 500.0
233 117 233
31 500.0
235 116 235
32 500.0
232 122 232
33 500.0
235 108 235
34 500.0
237 132 237
35 500.0
229 114 229
36 500.0
235 122 235
37 500.0
233 110 233
38 500.0
234 138 234
39 500.0
237 126 237
40 500.0
237 107 237
41 500.0
238 131 238
42 500.0
238 113 238
43 500.0
234 119 234
44 500.0
235 100 235
45 500.0
234 97 234
46 500.0
233 116 233
47 500.0
234 115 234
48 500.0
233 113 233
49 500.0
231 114 231
50 500.0
233 113 233
51 500.0
233 110 233
52 500.0
232 119 232
53 500.0
231 117 231
54 500.0
233 117 233
55 500.0
233 118 233
56 500.0
235 115 235
57 500.0
236 113 236
58 500.0
232 107 232
59 500.0
235 120 235
60 500.0
235 111 235
61 500.0
233 124 233
62 500.0
233 120 233
63 500.0
235 112 235
64 500.0
235 116 235
65 500.0
236 109 236
66 500.0
235 111 235
67 500.0
235 122 235
68 500.0
235 123 235
69 500.0
233 113 233
70 500.0
235 106 235
71 500.0
235 116 235
72 500.0
237 116 237
73 500.0
235 128 235
74 500.0
234 120 234
75 500.0
232 108 232
76 500.0
230 116 230
77 500.0
235 113 235
78 500.0
235 120 235
79 500.0
236 102 236
80 500.0
231 115 231
81 500.0
229 120 229
82 500.0
229 105 229
83 500.0
231 102 231
84 500.0
233 114 233
85 500.0
236 131 236
86 500.0
234 119 234
87 500.0
235 103 235
88 500.0
235 131 235
89 500.0
235 123 235
90 500.0
235 109 235
91 500.0
233 107 233
92 500.0
235 119 235
93 500.0
235 123 235
94 500.0
236 112 236
95 500.0
235 106 235
96 500.0
233 106 233
97 500.0
233 113 233
98 500.0
232 127 232
99 500.0
234 121 234
100 500.0
235 119 235
Generation:  100
101 500.0
237 114 237
102 500.0
233 120 233
103 500.0
235 114 235
104 500.0
233 117 233
105 500.0
233 106 233
106 500.0
233 119 233
107 500.0
235 119 235
108 500.0
230 119 230
109 500.0
235 122 235
110 500.0
236 132 236
111 500.0
235 114 235
112 500.0
235 108 235
113 500.0
237 123 237
114 500.0
233 125 233
115 500.0
234 116 234
116 500.0
234 113 234
117 500.0
233 131 233
118 500.0
233 125 233
119 500.0
234 120 234
120 500.0
233 122 233
121 500.0
229 119 229
122 500.0
234 117 234
123 500.0
235 104 235
124 500.0
235 125 235
125 500.0
235 132 235
126 500.0
237 114 237
127 500.0
232 127 232
128 500.0
235 109 235
129 500.0
231 121 231
130 500.0
235 132 235
131 500.0
236 116 236
132 500.0
237 117 237
133 500.0
236 111 236
134 500.0
234 113 234
135 500.0
235 117 235
136 500.0
237 111 237
137 500.0
235 119 235
138 500.0
237 118 237
139 500.0
233 101 233
140 500.0
233 119 233
141 500.0
233 119 233
142 500.0
235 118 235
143 500.0
234 112 234
144 500.0
235 122 235
145 500.0
236 115 236
146 500.0
234 113 234
147 500.0
238 119 238
148 500.0
237 108 237
149 500.0
237 111 237
150 500.0
231 111 231
151 500.0
237 125 237
152 500.0
233 109 233
153 500.0
235 110 235
154 500.0
235 121 235
155 500.0
234 103 234
156 500.0
234 116 234
157 500.0
237 114 237
158 500.0
235 112 235
159 500.0
232 130 232
160 500.0
234 126 234
161 500.0
236 115 236
162 500.0
235 119 235
163 500.0
233 124 233
164 500.0
238 110 238
165 500.0
237 126 237
166 500.0
236 109 236
167 500.0
235 106 235
168 500.0
234 124 234
169 500.0
235 105 235
170 500.0
234 114 234
171 500.0
234 124 234
172 500.0
236 108 236
173 500.0
237 127 237
174 500.0
237 106 237
175 500.0
236 114 236
176 500.0
236 108 236
177 500.0
235 128 235
178 500.0
234 119 234
179 500.0
231 115 231
180 500.0
233 118 233
181 500.0
233 105 233
182 500.0
234 117 234
183 500.0
234 120 234
184 500.0
238 122 238
185 500.0
235 114 235
186 500.0
233 114 233
187 500.0
235 123 235
188 500.0
232 113 232
189 500.0
235 113 235
190 500.0
231 104 231
191 500.0
233 124 233
192 500.0
231 114 231
193 500.0
233 113 233
194 500.0
232 113 232
195 500.0
232 106 232
196 500.0
231 100 231
197 500.0
233 112 233
198 500.0
235 124 235
199 500.0
235 118 235
200 500.0
235 120 235
Generation:  200
201 500.0
234 122 234
202 500.0
233 114 233
203 500.0
236 103 236
204 500.0
236 114 236
205 500.0
236 118 236
206 500.0
234 115 234
207 500.0
237 109 237
208 500.0
237 120 237
209 500.0
239 140 239
210 500.0
236 113 236
211 500.0
235 126 235
212 500.0
233 133 233
213 500.0
231 121 231
214 500.0
234 108 234
215 500.0
236 120 236
216 500.0
235 131 235
217 500.0
233 129 233
218 500.0
235 126 235
219 500.0
235 112 235
220 500.0
232 122 232
221 500.0
235 93 235
222 500.0
234 128 234
223 500.0
237 120 237
224 500.0
235 108 235
225 500.0
235 111 235
226 500.0
234 114 234
227 500.0
231 130 231
228 500.0
231 113 231
229 500.0
235 114 235
230 500.0
234 119 234
231 500.0
235 116 235
232 500.0
235 115 235
233 500.0
235 136 235
234 500.0
238 115 238
235 500.0
239 119 239
236 500.0
236 115 236
237 500.0
231 119 231
238 500.0
234 111 234
239 500.0
235 118 235
240 500.0
237 124 237
241 500.0
237 109 237
242 500.0
235 110 235
243 500.0
231 112 231
244 500.0
231 127 231
245 500.0
236 112 236
246 500.0
237 118 237
247 500.0
232 110 232
248 500.0
235 122 235
249 500.0
235 110 235
250 500.0
235 112 235
251 500.0
233 118 233
252 500.0
235 121 235
253 500.0
237 111 237
254 500.0
239 110 239
255 500.0
238 115 238
256 500.0
237 124 237
257 500.0
237 121 237
258 500.0
237 133 237
259 500.0
238 121 238
260 500.0
239 108 239
261 500.0
237 131 237
262 500.0
235 119 235
263 500.0
237 106 237
264 500.0
233 103 233
265 500.0
231 115 231
266 500.0
237 116 237
267 611.1111111111112
237 124 237
268 722.2222222222223
311 153 311
269 833.3333333333335
325 155 325
270 944.4444444444447
340 169 340
271 1055.5555555555559
341 166 341
272 1166.666666666667
315 151 315
273 1277.777777777778
283 152 283
274 1388.8888888888894
237 111 237
275 1500.0000000000005
177 91 177
276 1500.0
132 78 132
277 1500.0
99 47 99
278 1500.0
73 40 73
279 1500.0
55 24 55
280 1500.0
41 20 41
281 1500.0
31 8 31
282 1500.0
25 14 25
283 1500.0
21 11 21
284 1500.0
22 12 22
285 1500.0
27 10 27
286 1500.0
37 26 37
287 1500.0
53 24 53
288 1500.0
79 45 79
289 1500.0
117 55 117
290 1500.0
175 87 175
291 1500.0
263 128 263
292 1500.0
393 195 393
293 1500.0
590 295 590
294 1500.0
749 382 749
295 1500.0
749 391 749
296 1500.0
749 382 749
297 1500.0
749 378 749
298 1500.0
749 382 749
299 1500.0
749 373 749
300 1500.0
749 373 749
Generation:  300
301 1500.0
749 357 749
302 1500.0
749 374 749
303 1500.0
749 379 749
304 1500.0
749 367 749
305 1500.0
749 344 749
306 1500.0
749 382 749
307 1500.0
749 380 749
308 1500.0
749 364 749
309 1500.0
749 359 749
310 1500.0
749 363 749
311 1500.0
749 367 749
312 1500.0
749 368 749
313 1500.0
749 371 749
314 1500.0
749 344 749
315 1500.0
749 387 749
316 1500.0
749 364 749
317 1500.0
749 367 749
318 1500.0
749 370 749
319 1500.0
749 388 749
320 1500.0
749 393 749
321 1500.0
749 382 749
322 1500.0
749 366 749
323 1500.0
749 375 749
324 1500.0
749 370 749
325 1500.0
749 380 749
326 1500.0
749 405 749
327 1500.0
749 380 749
328 1500.0
749 394 749
329 1500.0
749 369 749
330 1500.0
749 383 749
331 1500.0
749 369 749
332 1500.0
749 381 749
333 1500.0
749 354 749
334 1500.0
749 381 749
335 1500.0
749 372 749
336 1500.0
749 368 749
337 1500.0
749 372 749
338 1500.0
749 382 749
339 1500.0
749 372 749
340 1500.0
749 363 749
341 1500.0
749 372 749
342 1500.0
749 352 749
343 1500.0
749 351 749
344 1500.0
749 384 749
345 1500.0
749 358 749
346 1500.0
749 384 749
347 1500.0
749 353 749
348 1500.0
749 378 749
349 1500.0
749 351 749
350 1500.0
749 395 749
351 1500.0
749 358 749
352 1500.0
749 360 749
353 1500.0
749 366 749
354 1500.0
749 372 749
355 1500.0
749 366 749
356 1500.0
749 344 749
357 1500.0
749 377 749
358 1500.0
749 377 749
359 1500.0
749 371 749
360 1500.0
749 375 749
361 1500.0
749 377 749
362 1500.0
749 356 749
363 1500.0
749 381 749
364 1500.0
749 401 749
365 1500.0
749 384 749
366 1500.0
749 371 749
367 1500.0
749 367 749
368 1500.0
749 370 749
369 1500.0
749 368 749
370 1500.0
749 359 749
371 1500.0
749 398 749
372 1500.0
749 392 749
373 1500.0
749 373 749
374 1500.0
749 374 749
375 1500.0
749 379 749
376 1500.0
749 365 749
377 1500.0
749 388 749
378 1500.0
749 369 749
379 1500.0
749 371 749
380 1500.0
749 378 749
381 1500.0
749 396 749
382 1500.0
749 387 749
383 1500.0
749 396 749
384 1500.0
749 373 749
385 1500.0
749 402 749
386 1500.0
749 380 749
387 1500.0
749 349 749
388 1500.0
749 390 749
389 1500.0
749 388 749
390 1500.0
749 376 749
391 1500.0
749 381 749
392 1500.0
749 370 749
393 1500.0
749 381 749
394 1500.0
749 371 749
395 1500.0
749 356 749
396 1500.0
749 385 749
397 1500.0
749 356 749
398 1500.0
749 370 749
399 1500.0
749 389 749
400 1500.0
749 368 749
Generation:  400
401 1500.0
749 353 749
402 1500.0
749 357 749
403 1500.0
749 404 749
404 1500.0
749 369 749
405 1500.0
749 372 749
406 1500.0
749 355 749
407 1500.0
749 384 749
408 1500.0
749 365 749
409 1500.0
749 371 749
410 1500.0
749 377 749
411 1500.0
749 367 749
412 1500.0
749 377 749
413 1500.0
749 390 749
414 1500.0
749 376 749
415 1500.0
749 378 749
416 1500.0
749 373 749
417 1500.0
749 372 749
418 1500.0
749 408 749
419 1500.0
749 378 749
420 1500.0
749 380 749
421 1500.0
749 372 749
422 1500.0
749 363 749
423 1500.0
749 378 749
424 1500.0
749 364 749
425 1500.0
749 368 749
426 1500.0
749 389 749
427 1500.0
749 361 749
428 1500.0
749 378 749
429 1500.0
749 351 749
430 1500.0
749 405 749
431 1500.0
749 379 749
432 1500.0
749 330 749
433 1500.0
749 388 749
434 1500.0
749 373 749
435 1500.0
749 374 749
436 1500.0
749 357 749
437 1500.0
749 394 749
438 1500.0
749 374 749
439 1500.0
749 356 749
440 1500.0
749 371 749
441 1500.0
749 362 749
442 1500.0
749 354 749
443 1500.0
749 366 749
444 1500.0
749 353 749
445 1500.0
749 368 749
446 1500.0
749 386 749
447 1500.0
749 361 749
448 1500.0
749 372 749
449 1500.0
749 407 749
450 1500.0
749 351 749
451 1500.0
749 380 749
452 1500.0
749 344 749
453 1500.0
749 373 749
454 1500.0
749 382 749
455 1500.0
749 368 749
456 1500.0
749 374 749
457 1500.0
749 373 749
458 1500.0
749 370 749
459 1500.0
749 376 749
460 1500.0
749 369 749
461 1500.0
749 360 749
462 1500.0
749 368 749
463 1500.0
749 372 749
464 1500.0
749 379 749
465 1500.0
749 364 749
466 1500.0
749 361 749
467 1500.0
749 375 749
468 1500.0
749 392 749
469 1500.0
749 364 749
470 1500.0
749 357 749
471 1500.0
749 363 749
472 1500.0
749 386 749
473 1500.0
749 363 749
474 1500.0
749 380 749
475 1500.0
749 390 749
476 1500.0
749 366 749
477 1500.0
749 387 749
478 1500.0
749 380 749
479 1500.0
749 373 749
480 1500.0
749 399 749
481 1500.0
749 379 749
482 1500.0
749 381 749
483 1500.0
749 391 749
484 1500.0
749 369 749
485 1500.0
749 371 749
486 1500.0
749 407 749
487 1500.0
749 372 749
488 1500.0
749 372 749
489 1500.0
749 352 749
490 1500.0
749 363 749
491 1500.0
749 324 749
492 1500.0
749 376 749
493 1500.0
749 359 749
494 1500.0
749 370 749
495 1500.0
749 361 749
496 1500.0
749 366 749
497 1500.0
749 366 749
498 1500.0
749 382 749
499 1500.0
749 375 749
500 1500.0
749 363 749
Generation:  500
501 1500.0
749 375 749
502 1500.0
749 369 749
503 1500.0
749 354 749
504 1500.0
749 389 749
505 1500.0
749 388 749
506 1500.0
749 353 749
507 1500.0
749 369 749
508 1500.0
749 368 749
509 1500.0
749 377 749
510 1500.0
749 392 749
511 1500.0
749 390 749
512 1500.0
749 365 749
513 1500.0
749 356 749
514 1500.0
749 370 749
515 1500.0
749 369 749
516 1500.0
749 331 749
517 1500.0
749 381 749
518 1500.0
749 377 749
519 1500.0
749 362 749
520 1500.0
749 391 749
521 1500.0
749 384 749
522 1500.0
749 362 749
523 1500.0
749 362 749
524 1500.0
749 377 749
525 1500.0
749 347 749
526 1500.0
749 402 749
527 1500.0
749 371 749
528 1500.0
749 373 749
529 1500.0
749 372 749
530 1500.0
749 381 749
531 1500.0
749 354 749
532 1500.0
749 374 749
533 1500.0
749 377 749
534 1500.0
749 378 749
535 1500.0
749 351 749
536 1500.0
749 364 749
537 1500.0
749 374 749
538 1500.0
749 357 749
539 1500.0
749 372 749
540 1500.0
749 381 749
541 1500.0
749 379 749
542 1485.0746268656717
749 360 749
543 1470.1492537313432
749 352 749
544 1455.2238805970148
749 386 749
545 1440.2985074626863
749 376 749
546 1425.373134328358
749 387 749
547 1410.4477611940297
747 372 747
548 1395.5223880597011
737 374 737
549 1380.5970149253728
731 371 731
550 1365.6716417910443
731 359 731
551 1350.746268656716
731 388 731
552 1335.8208955223877
728 334 728
553 1320.8955223880591
727 368 727
554 1305.9701492537308
726 353 726
555 1291.0447761194023
713 367 713
556 1276.119402985074
708 343 708
557 1261.1940298507457
557 282 557
558 1246.2686567164171
595 312 595
559 1231.3432835820888
607 315 607
560 1216.4179104477603
603 299 603
561 1201.492537313432
544 272 544
562 1186.5671641791037
591 302 591
563 1171.6417910447751
587 299 587
564 1156.7164179104468
586 282 586
565 1141.7910447761183
583 302 583
566 1126.86567164179
583 297 583
567 1111.9402985074616
571 279 571
568 1097.014925373133
571 277 571
569 1082.0895522388048
571 283 571
570 1067.1641791044763
571 279 571
571 1052.238805970148
481 237 481
572 1037.3134328358196
501 253 501
573 1022.3880597014911
510 268 510
574 1007.4626865671628
455 229 455
575 992.5373134328344
481 228 481
576 977.6119402985059
445 240 445
577 962.6865671641775
479 243 479
578 947.7611940298492
419 205 419
579 932.8358208955208
457 228 457
580 917.9104477611924
443 218 443
581 902.9850746268639
431 220 431
582 888.0597014925355
403 197 403
583 873.1343283582072
432 204 432
584 858.2089552238788
432 209 432
585 843.2835820895504
410 215 410
586 828.3582089552219
413 196 413
587 813.4328358208935
408 196 408
588 798.5074626865652
401 205 401
589 783.5820895522368
400 206 400
590 768.6567164179083
400 210 400
591 753.7313432835799
399 209 399
592 738.8059701492515
399 180 399
593 723.8805970149232
389 188 389
594 708.9552238805948
389 208 389
595 694.0298507462663
389 182 389
596 679.1044776119379
389 189 389
597 664.1791044776095
389 198 389
598 649.2537313432812
387 188 387
599 634.3283582089527
387 185 387
600 619.4029850746243
387 204 387
Generation:  600
601 604.4776119402959
387 208 387
602 589.5522388059675
382 184 382
603 574.6268656716392
382 166 382
604 559.7014925373107
379 185 379
605 544.7761194029823
379 198 379
606 529.8507462686539
375 189 375
607 514.9253731343255
374 185 374
608 499.99999999999716
500
0 500.0
189 94 189
Generation:  0
1 500.0
235 108 235
2 500.0
241 123 241
Running aborted. Saving intermediate results.
500
0 500.0
188 93 188
Generation:  0
1 500.0
233 121 233
2 500.0
237 106 237
3 500.0
239 114 239
4 500.0
241 130 241
5 500.0
240 114 240
6 500.0
241 124 241
7 500.0
242 113 242
8 500.0
239 121 239
9 500.0
237 111 237
10 500.0
238 116 238
11 500.0
235 128 235
12 500.0
237 124 237
13 500.0
235 125 235
14 500.0
237 133 237
15 500.0
237 125 237
16 500.0
233 121 233
17 500.0
232 118 232
18 500.0
235 113 235
19 500.0
234 115 234
20 500.0
235 118 235
21 500.0
233 109 233
22 500.0
234 114 234
23 500.0
227 109 227
24 500.0
234 118 234
25 500.0
233 113 233
26 500.0
233 114 233
27 500.0
233 122 233
28 500.0
233 124 233
29 500.0
236 107 236
30 500.0
236 115 236
31 500.0
235 112 235
32 500.0
235 124 235
33 500.0
233 117 233
34 500.0
237 130 237
35 500.0
237 116 237
36 500.0
235 117 235
37 500.0
236 116 236
38 500.0
234 109 234
39 500.0
235 111 235
40 500.0
233 130 233
41 500.0
233 126 233
42 500.0
233 101 233
43 500.0
235 112 235
44 500.0
233 109 233
45 500.0
233 111 233
46 500.0
233 108 233
47 500.0
233 109 233
48 500.0
232 129 232
49 500.0
233 107 233
50 500.0
233 107 233
51 500.0
233 110 233
52 500.0
230 125 230
53 500.0
227 118 227
54 500.0
233 122 233
55 500.0
237 127 237
56 500.0
235 117 235
57 500.0
235 110 235
58 500.0
235 106 235
59 500.0
237 117 237
60 500.0
233 133 233
61 500.0
235 96 235
62 500.0
233 111 233
63 500.0
234 108 234
64 500.0
235 108 235
65 500.0
237 121 237
66 500.0
235 139 235
67 500.0
235 117 235
68 500.0
231 107 231
69 500.0
231 112 231
70 500.0
236 119 236
71 500.0
235 109 235
72 500.0
232 115 232
73 500.0
232 120 232
74 500.0
234 108 234
75 500.0
232 126 232
76 500.0
231 119 231
77 500.0
237 131 237
78 500.0
234 118 234
79 500.0
234 113 234
80 500.0
233 129 233
81 500.0
235 128 235
82 500.0
236 107 236
83 500.0
233 127 233
84 500.0
235 106 235
85 500.0
235 123 235
86 500.0
236 125 236
87 500.0
238 126 238
88 500.0
235 108 235
89 500.0
237 115 237
90 500.0
235 133 235
91 500.0
239 147 239
92 500.0
238 127 238
93 500.0
234 114 234
94 500.0
236 117 236
95 500.0
235 122 235
96 500.0
237 125 237
97 500.0
233 119 233
98 500.0
239 114 239
99 500.0
233 110 233
100 500.0
235 107 235
Generation:  100
101 500.0
233 115 233
102 500.0
235 119 235
103 500.0
233 118 233
104 500.0
235 110 235
105 500.0
233 118 233
106 500.0
231 107 231
107 500.0
237 130 237
108 500.0
235 110 235
109 500.0
237 118 237
110 500.0
231 111 231
111 500.0
237 117 237
112 500.0
234 106 234
113 500.0
237 107 237
114 500.0
235 120 235
115 500.0
237 127 237
116 500.0
233 117 233
117 500.0
234 112 234
118 500.0
237 106 237
119 500.0
237 110 237
120 500.0
235 108 235
121 500.0
236 114 236
122 500.0
234 113 234
123 500.0
231 113 231
124 500.0
233 119 233
125 500.0
234 106 234
126 500.0
233 110 233
127 500.0
236 116 236
128 500.0
237 125 237
129 500.0
235 124 235
130 500.0
233 114 233
131 500.0
237 115 237
132 500.0
237 128 237
133 500.0
235 129 235
134 500.0
235 116 235
135 500.0
233 118 233
136 500.0
231 108 231
137 500.0
235 104 235
138 500.0
231 119 231
139 500.0
233 126 233
140 500.0
235 110 235
141 500.0
235 93 235
142 500.0
237 131 237
143 500.0
237 118 237
144 500.0
239 115 239
145 500.0
232 107 232
146 500.0
235 116 235
147 500.0
233 124 233
148 500.0
229 126 229
149 500.0
233 108 233
150 500.0
237 111 237
151 500.0
236 122 236
152 500.0
236 110 236
153 500.0
235 123 235
154 500.0
237 122 237
155 500.0
238 124 238
156 500.0
235 107 235
157 500.0
234 118 234
158 500.0
231 119 231
159 500.0
231 96 231
160 500.0
234 110 234
161 500.0
237 101 237
162 500.0
235 111 235
163 500.0
237 120 237
164 500.0
233 120 233
165 500.0
233 119 233
166 500.0
233 117 233
167 500.0
233 116 233
168 500.0
234 110 234
169 500.0
231 120 231
170 500.0
231 111 231
171 500.0
233 112 233
172 500.0
234 118 234
173 500.0
232 115 232
174 500.0
233 127 233
175 500.0
233 106 233
176 500.0
235 116 235
177 500.0
235 126 235
178 500.0
233 117 233
179 500.0
236 115 236
180 500.0
233 128 233
181 500.0
237 117 237
182 500.0
235 115 235
183 500.0
235 115 235
184 500.0
237 128 237
185 500.0
237 126 237
186 500.0
233 114 233
187 500.0
237 110 237
188 500.0
233 105 233
189 500.0
237 112 237
190 500.0
237 127 237
191 500.0
235 129 235
192 500.0
237 122 237
193 500.0
235 118 235
194 500.0
237 118 237
195 500.0
236 121 236
196 500.0
234 117 234
197 500.0
233 108 233
198 500.0
231 110 231
199 500.0
238 118 238
200 500.0
233 132 233
Generation:  200
201 500.0
235 117 235
202 500.0
231 127 231
203 500.0
232 110 232
204 500.0
232 134 232
205 500.0
233 117 233
206 500.0
234 102 234
207 500.0
233 122 233
208 500.0
237 126 237
209 500.0
234 111 234
210 500.0
233 124 233
211 500.0
232 108 232
212 500.0
229 126 229
213 500.0
231 115 231
214 500.0
237 117 237
215 500.0
235 123 235
216 500.0
234 121 234
217 500.0
235 108 235
218 500.0
233 104 233
219 500.0
234 117 234
220 500.0
235 111 235
221 500.0
235 124 235
222 500.0
237 112 237
223 500.0
237 113 237
224 500.0
237 118 237
225 500.0
235 126 235
226 500.0
235 124 235
227 500.0
236 110 236
228 500.0
235 117 235
229 500.0
234 108 234
230 500.0
235 126 235
231 500.0
233 111 233
232 500.0
235 122 235
233 500.0
236 121 236
234 500.0
235 116 235
235 500.0
235 107 235
236 500.0
235 110 235
237 500.0
236 117 236
238 500.0
238 101 238
239 500.0
236 128 236
240 500.0
235 113 235
241 500.0
239 131 239
242 500.0
233 110 233
243 500.0
236 116 236
244 500.0
238 112 238
245 500.0
234 120 234
246 500.0
235 127 235
247 500.0
237 115 237
248 500.0
239 127 239
249 500.0
237 123 237
250 500.0
233 102 233
251 500.0
233 126 233
252 500.0
237 119 237
253 500.0
235 124 235
254 500.0
238 115 238
255 500.0
236 123 236
256 500.0
237 114 237
257 500.0
234 121 234
258 500.0
237 118 237
259 500.0
233 115 233
260 500.0
237 110 237
261 500.0
234 129 234
262 500.0
235 123 235
263 500.0
236 107 236
264 500.0
235 123 235
265 500.0
236 122 236
266 500.0
235 114 235
267 611.1111111111112
237 128 237
268 722.2222222222223
311 139 311
269 833.3333333333335
314 157 314
270 944.4444444444447
335 172 335
271 1055.5555555555559
356 184 356
272 1166.666666666667
377 193 377
273 1277.777777777778
399 196 399
274 1388.8888888888894
448 225 448
275 1500.0000000000005
509 237 509
276 1500.0
669 344 669
277 1500.0
713 346 713
278 1500.0
733 363 733
279 1500.0
741 333 741
280 1500.0
745 385 745
281 1500.0
747 360 747
282 1500.0
747 363 747
283 1500.0
749 398 749
284 1500.0
749 376 749
285 1500.0
749 387 749
286 1500.0
749 387 749
287 1500.0
749 364 749
288 1500.0
749 380 749
289 1500.0
749 380 749
290 1500.0
749 379 749
291 1500.0
749 345 749
292 1500.0
749 368 749
293 1500.0
749 376 749
294 1500.0
749 363 749
295 1500.0
749 355 749
296 1500.0
749 380 749
297 1500.0
749 378 749
298 1500.0
749 370 749
299 1500.0
749 359 749
300 1500.0
749 381 749
Generation:  300
301 1500.0
749 402 749
302 1500.0
749 394 749
303 1500.0
749 371 749
304 1500.0
749 367 749
305 1500.0
749 339 749
306 1500.0
749 367 749
307 1500.0
749 383 749
308 1500.0
749 378 749
309 1500.0
749 378 749
310 1500.0
749 379 749
311 1500.0
749 360 749
312 1500.0
749 369 749
313 1500.0
749 370 749
314 1500.0
749 373 749
315 1500.0
749 367 749
Running aborted. Saving intermediate results.
500
0 500.0
197 102 197
Generation:  0
1 500.0
237 111 237
2 500.0
237 111 237
3 500.0
241 114 241
4 500.0
241 112 241
5 500.0
241 115 241
6 500.0
243 113 243
7 500.0
241 123 241
8 500.0
243 118 243
9 500.0
243 120 243
10 500.0
239 121 239
11 500.0
241 119 241
12 500.0
241 121 241
13 500.0
241 131 241
14 500.0
239 132 239
15 500.0
238 119 238
16 500.0
238 128 238
17 500.0
236 126 236
18 500.0
235 117 235
19 500.0
235 123 235
20 500.0
233 125 233
21 500.0
233 111 233
22 500.0
234 125 234
23 500.0
235 118 235
24 500.0
234 111 234
25 500.0
235 127 235
26 500.0
236 115 236
27 500.0
231 124 231
28 500.0
232 118 232
29 500.0
231 116 231
30 500.0
231 118 231
31 500.0
232 119 232
32 500.0
232 109 232
33 500.0
231 122 231
34 500.0
233 116 233
35 500.0
235 108 235
36 500.0
235 107 235
37 500.0
235 125 235
38 500.0
237 117 237
39 500.0
235 115 235
40 500.0
236 148 236
41 500.0
236 113 236
42 500.0
231 121 231
43 500.0
237 114 237
44 500.0
235 109 235
45 500.0
236 122 236
46 500.0
233 118 233
47 500.0
233 117 233
48 500.0
237 124 237
49 500.0
235 112 235
50 500.0
233 109 233
51 500.0
237 124 237
52 500.0
239 132 239
53 500.0
236 118 236
54 500.0
231 120 231
55 500.0
232 117 232
56 500.0
235 122 235
57 500.0
233 120 233
58 500.0
233 122 233
59 500.0
238 114 238
60 500.0
231 113 231
61 500.0
235 115 235
62 500.0
237 123 237
63 500.0
237 126 237
64 500.0
233 108 233
65 500.0
234 106 234
66 500.0
231 119 231
67 500.0
231 116 231
68 500.0
234 111 234
69 500.0
234 100 234
70 500.0
233 124 233
71 500.0
235 121 235
72 500.0
235 105 235
73 500.0
235 119 235
74 500.0
233 121 233
75 500.0
233 107 233
76 500.0
233 111 233
77 500.0
233 117 233
78 500.0
235 117 235
79 500.0
235 127 235
80 500.0
231 123 231
81 500.0
237 117 237
82 500.0
235 108 235
83 500.0
234 120 234
84 500.0
235 121 235
85 500.0
234 120 234
86 500.0
235 123 235
87 500.0
237 119 237
88 500.0
235 114 235
89 500.0
231 119 231
90 500.0
235 122 235
91 500.0
235 112 235
92 500.0
233 118 233
93 500.0
235 111 235
94 500.0
236 114 236
95 500.0
233 118 233
96 500.0
234 111 234
97 500.0
231 117 231
98 500.0
235 121 235
99 500.0
231 107 231
100 500.0
235 129 235
Generation:  100
101 500.0
237 106 237
102 500.0
237 125 237
103 500.0
237 122 237
104 500.0
235 125 235
105 500.0
235 121 235
106 500.0
231 116 231
107 500.0
236 121 236
108 500.0
235 123 235
109 500.0
236 119 236
110 500.0
235 121 235
111 500.0
236 129 236
112 500.0
233 123 233
113 500.0
231 112 231
114 500.0
235 128 235
115 500.0
235 118 235
116 500.0
236 111 236
117 500.0
235 105 235
118 500.0
231 115 231
119 500.0
231 111 231
120 500.0
235 116 235
121 500.0
239 122 239
122 500.0
235 127 235
123 500.0
235 113 235
124 500.0
235 111 235
125 500.0
237 114 237
126 500.0
235 123 235
127 500.0
235 122 235
128 500.0
235 118 235
129 500.0
235 121 235
130 500.0
233 113 233
131 500.0
235 123 235
132 500.0
237 126 237
133 500.0
237 120 237
134 500.0
237 133 237
135 500.0
233 126 233
136 500.0
235 128 235
137 500.0
235 125 235
138 500.0
234 120 234
139 500.0
235 123 235
140 500.0
235 105 235
141 500.0
235 122 235
142 500.0
238 127 238
143 500.0
237 119 237
144 500.0
231 105 231
145 500.0
233 101 233
146 500.0
234 121 234
147 500.0
235 127 235
148 500.0
234 130 234
149 500.0
237 115 237
150 500.0
233 119 233
151 500.0
233 115 233
152 500.0
235 121 235
153 500.0
234 119 234
154 500.0
233 111 233
155 500.0
233 115 233
156 500.0
232 114 232
157 500.0
233 108 233
158 500.0
233 117 233
159 500.0
233 111 233
160 500.0
235 116 235
161 500.0
237 114 237
162 500.0
234 117 234
163 500.0
237 117 237
164 500.0
233 117 233
165 500.0
233 126 233
166 500.0
233 122 233
167 500.0
235 113 235
168 500.0
233 124 233
169 500.0
235 113 235
170 500.0
233 106 233
171 500.0
236 126 236
172 500.0
234 118 234
173 500.0
233 109 233
174 500.0
231 111 231
175 500.0
233 117 233
176 500.0
236 126 236
177 500.0
237 119 237
178 500.0
235 135 235
179 500.0
238 114 238
180 500.0
235 112 235
181 500.0
239 116 239
182 500.0
238 112 238
183 500.0
238 114 238
184 500.0
233 121 233
185 500.0
234 125 234
186 500.0
233 117 233
187 500.0
236 132 236
188 500.0
238 108 238
189 500.0
233 128 233
190 500.0
235 117 235
191 500.0
235 121 235
192 500.0
234 135 234
193 500.0
233 115 233
194 500.0
233 104 233
195 500.0
237 116 237
196 500.0
237 121 237
197 500.0
235 109 235
198 500.0
235 119 235
199 500.0
235 112 235
200 500.0
233 114 233
Generation:  200
201 500.0
238 114 238
202 500.0
237 117 237
203 500.0
237 111 237
204 500.0
234 119 234
205 500.0
237 123 237
206 500.0
234 120 234
207 500.0
233 104 233
208 500.0
229 113 229
209 500.0
233 120 233
210 500.0
238 104 238
211 500.0
234 115 234
212 500.0
237 113 237
213 500.0
235 104 235
214 500.0
237 124 237
215 500.0
233 111 233
216 500.0
234 126 234
217 500.0
235 105 235
218 500.0
233 122 233
219 500.0
233 118 233
220 500.0
234 125 234
221 500.0
234 114 234
222 500.0
234 127 234
223 500.0
235 120 235
224 500.0
235 115 235
225 500.0
237 112 237
226 500.0
237 115 237
227 500.0
235 120 235
228 500.0
236 117 236
229 500.0
239 125 239
230 500.0
235 113 235
231 500.0
235 121 235
232 500.0
231 129 231
233 500.0
231 118 231
234 500.0
233 118 233
235 500.0
234 111 234
236 500.0
231 102 231
237 500.0
234 123 234
238 500.0
233 117 233
239 500.0
235 119 235
240 500.0
235 115 235
241 500.0
233 112 233
242 500.0
236 124 236
243 500.0
235 122 235
244 500.0
237 118 237
245 500.0
234 113 234
246 500.0
235 113 235
247 500.0
236 116 236
248 500.0
233 108 233
249 500.0
233 117 233
250 500.0
235 101 235
251 500.0
232 112 232
252 500.0
234 112 234
253 500.0
232 108 232
254 500.0
233 132 233
255 500.0
236 117 236
256 500.0
232 113 232
257 500.0
229 121 229
258 500.0
235 121 235
259 500.0
231 115 231
260 500.0
235 96 235
261 500.0
232 123 232
262 500.0
233 117 233
263 500.0
235 116 235
264 500.0
237 121 237
265 500.0
234 124 234
266 500.0
235 119 235
267 611.1111111111112
235 116 235
268 722.2222222222223
305 144 305
269 833.3333333333335
355 189 355
270 944.4444444444447
311 157 311
271 1055.5555555555559
277 144 277
272 1166.666666666667
239 116 239
273 1277.777777777778
185 105 185
274 1388.8888888888894
138 63 138
275 1500.0000000000005
103 57 103
276 1500.0
77 40 77
277 1500.0
57 32 57
278 1500.0
42 25 42
279 1500.0
31 16 31
280 1500.0
23 10 23
281 1500.0
17 6 17
282 1500.0
12 4 12
283 1500.0
9 5 9
284 1500.0
6 2 6
285 1500.0
4 1 4
286 1500.0
3 1 3
287 1500.0
1 0 1
288 1500.0
1 0 1
289 1500.0
0 0 0
